255 0 0 
	Lisova 						50,46469285361899 30,645690751718917 	1,1
	Chernihivska 				50,459970753371834 30,62992780208801	1,32
	Darnytsia 					50,45602338316065 30,6130034727788		1,12
	Livoberezhna 				50,45190463125389 30,598220413367624	1,63
	Hidropark 					50,446022039333116 30,576987356782972	1,36
	Dnipro 						50,44116114470389 30,559289564377764	1,1
	Arsenaina 					50,44286708002273 30,547132518257197	1,50
	Khreshchatyk		 		50,44732846630205 30,522715400201474	0,58902
	Teatralna 					50,444704172369114 30,51560661899538	0,80376
	Universytet 				50,443332322463554 30,504554754787925	1,30
	Vokzalna 					50,44129833560563 30,49013114074657		1,9
	Politekhnichnyi_instytut 	50,45110844763096 30,464297302655268	1,5
	Shuliavska 					50,45435917631197 30,44841394527877		2,22
	Beresteiska 				50,45940619390695 30,41876703975154		1,02
	Nyvky 						50,45881589117922 30,404137374081024	0,98366
	Sviatoshyn 					50,45789762784854 30,390434940741738	1,79
	Zhytomyrska 				50,456290543474665 30,365174901868585	1,53
	Akademmistechko 			50,46501362176046 30,355387449483377 	n
0 0 255
	Heroiv_Dnipra 				50,52283682829911 30,49888914107685		1,2
	Minska 						50,51222249442236 30,498607937095613	1,20
	Obolon 						50,501652541051946 30,49810979530699	1,76
	Petrivka 					50,48604072215515 30,497827336892556	1,36
	Tarasa_Shevchenka 			50,47398578840243 30,503752139871246	1,20
	Kontraktova_ploshcha 		50,46596339560829 30,515110931698402	1,20
	Poshtova_ploshcha 			50,45929250583085 30,524408375663125	1,36
	Maidan_Nezalezhnosti		50,44810476663474 30,52508460907009		1,05
	Ploshcha_Lva_Tolstoho		50,440211870579255 30,518407901332573	0,9
	Olimpiiska 					50,43128833572436 30,51683963742671		1,14
	Palats_Ukraina 				50,42141864327411 30,520677180439186	0,9
	Lybidska 					50,41400415837839 30,524915617156857	1,22
	Demiivska 					50,40481855216166 30,516906599303695	1,05
	Holosiilvska 				50,397372676471015 30,50825405475751	1,49 
	Vasylkivska 				50,39382191922691 30,48984365182861		1,5
	Vystavkovyi_tsentr 			50,38242819510429 30,47760218344564		1
	Ipodrom 					50,37658419884681 30,468846395733593	1,5
	Teremky 					50,36711504614719 30,454132289170378	n
0 255 0
	Syrets 						50,47680910655473 30,432891838982627	1,56
	Dorohozhychi 				50,47370268288503 30,449114506610265	2,67
	Lukianivska 				50,4614127346531 30,483613987968017		3,11
	Zoloti_vorota 				50,44589403022826 30,515250582263242	0,710
	Palats_sportu 				50,43958367744201 30,519586573730432	0,973
	Klovska 					50,437018839689095 30,532040474061137	1,20
	Pecherska 					50,42708591739942 30,539383518210105	1,28
	Druzhby_narodiv 			50,417101197093515 30,54723117094871	1,93
	Vydubychi 					50,40194133910983 30,560290335481913	3,38
	Slavutych 					50,394630060303534 30,604894435158435	0,823
	Osokorky 					50,39536813773621 30,616007603442725	1,34
	Pozniaky 					50,39804571756886 30,63476933205523		1,27
	Kharkivska 					50,400838151781535 30,652292371213864	1,09 
	Vyrlytsia 					50,40310890066547 30,666948004030672	1,26
	Boryspilska 				50,403431494949984 30,68445729130873	1,09 
	Cherovnyi_khutir		 	50,40948171574571 30,696161688710923	n
	fin
	7	25	0,12
	8	39	0,1
	26	40	0,1
